1587435686308
1589930803886
1592396813212
1598070531961
1599973591110
1601597248396
1603089136830
1603471522519
1604856845764
1605536791862
1605725308081
1605725308669
1605725309257
1605725309551
1608702895643
1609248223704
1609250205475
5172268886281
5172291051634
5172313858388 ////     ///
5172321625666
5172325987053
5172330502643
5172564649738
5172685079923
5173075256293
5173107908134
5173177256521
5173335156799
5173356734778
5173476053011
5173568303314
5173844071244
5173927123159
5174856610870
5176503794857
5176503948440
5176504296349
5176505124004
5176507940975 ////     ///
5176590594700
5176784928163
5176825610057
5177063664496
5177309702267
5177712408437
5177814333949
5179218101137
5179565892166
5182824071118
5182824084411
5182824085377
5182824086067
5182824086343
5182824086987
5183389638154
5183389638292
5185391607929
5185429478418
5185429479568 ////     ///
5185429480350
5190844232307
5190844232445
5190844233595
5190844236217
5198424773139
5203917074049
5218330913836
5229271899241
5242626368356
5266862427778
5267153807785
5275760402266
5279501843731
5282489758948
5321487045679
5335179221839
5354367962062
5362323937807
5421838933735 ////     ///
5429506789057
5460383735431
5496921621361
5534600371510
5546589005630
5551020185640
5619273102022
5670202215370
5936529823936
6112200699181
6154118929017
6281935134286
6574044795144
6670701102334
6758145289504
6781496561772
6781496662656
6781496688562
6781496859424
6781496991426 ////     ///
6781496997046
6781497079332
6781497278372
6781497457680
6781497500714
6781497617428
6781497905534
6781498876462
6781499292712
6781505744294
6781507771202
6781508950224
6781514057304
6781520758434
6781528755948
6781531679766
6781536772474
6781548545790
6781555965748
6781557518526 ////     ///
6781558909188
6781588454614
6781590896778
6781593763730
6781597477790
6781600310714
6781608979462
6781610896130
6781628954762
6781640523708
6781702922058
6781715953524
6781721205680
6781734250998
6781737307026
6781744656314
6781946801544
6782215492486
6782238553894
6782265329094 ////     ///
6782269790434
6782371916614
6782455486116
6782494261398
6782496043380
6782514308864
6782805798380
6782864991434
6783252833212
6783271300044
6783467242486
6784335743102
6784335817188
6784335820452
6784335820816
6784335833348
6784335843812
6784335889196
6784335980742
6784335981610 ////     ///
6784335986058
6784336172710
6784336279988
6784336294910
6784336465522
6784336571760
6784336575804
6784336721118
6784336731528
6784336735236
6784336758906
6784337056554
6784337292442
6784337302348
6784337339332
6784337969596
6788549377556
6788549377842
6788549378284
6788549378310 ////     ///
6788549378856
6788549379272
6788549379454
6788549379870
6788549387920
6788549388050
6788549388180
6788549388206
6788549388570
6788549389168
6788549389272
6788549389896
6788549390754
6788549390806
6793896155400
6793896155764
6793896156076
6793896156726
8392167816235
8392167941879
8392168008425